1 100199
2 99707
3 100230
4 99906
5 100121
6 100099
7 99796
8 100431
9 99799
10 99501
11 99912
12 99942
13 100247
14 100084
15 99780
16 100534
17 99787
18 100145
19 99721
20 100104
21 99560
22 100128
23 100274
24 99955
25 100344
26 99931
27 100182
28 100204
29 100084
30 100500
31 99626
32 99584
33 100288
34 99838
35 100069
36 100042
37 99781
38 99402
39 100083
40 99966
41 99913
42 100285
43 99575
44 100039
45 100418
46 99690
47 99967
48 100141
49 100277
50 100044
51 100184
52 99811
53 99910
54 100495
55 100481
56 99797
57 99866
58 100957
59 100207
60 100108
61 100443
62 99522
63 99665
64 99859
65 99797
66 99690
67 99753
68 100019
69 99475
70 99972
71 100226
72 99965
73 99773
74 99753
75 99541
76 99604
77 99677
78 100479
79 100169
80 99784
81 99740
82 100660
83 100106
84 99742
85 100037
86 100074
87 100434
88 99830
89 100161
90 100556
91 100496
92 99348
93 100002
94 99544
95 99814
96 99831
97 99735
98 100466
99 100524
100 99683
