1 100412
2 100242
3 100126
4 99770
5 100028
6 100126
7 100775
8 100221
9 100458
10 99953
11 99993
12 99421
13 99485
14 99694
15 100464
16 100272
17 100379
18 100256
19 99751
20 100044
21 100201
22 100120
23 99586
24 100459
25 100214
26 99209
27 100147
28 99506
29 100042
30 99952
31 100322
32 100003
33 100133
34 99939
35 100249
36 99650
37 100435
38 100090
39 99652
40 99736
41 99445
42 100031
43 100491
44 99896
45 100439
46 99490
47 99979
48 100599
49 100316
50 99172
51 100068
52 99795
53 99385
54 99974
55 100333
56 100209
57 99574
58 99884
59 99551
60 99957
61 100002
62 100045
63 100307
64 99871
65 100228
66 100229
67 99734
68 99951
69 99951
70 100233
71 100248
72 99612
73 99610
74 100313
75 99984
76 99642
77 99909
78 99438
79 99935
80 100499
81 100115
82 99711
83 99568
84 100163
85 100121
86 99991
87 100436
88 100531
89 100142
90 100167
91 99985
92 99836
93 100044
94 100201
95 99126
96 99620
97 100093
98 100322
99 100018
100 99966
