1  0.000000 0.000000 0  0
1001  0.000089 8718.480000 8758  8670
2001  0.000173 19424.040000 19506  19357
3001  0.000267 30931.590000 31023  30855
4001  0.000363 42835.935000 42927  42741
5001  0.000461 55231.160000 55351  55121
6001  0.000561 67853.570000 68007  67701
7001  0.000661 80699.190000 80841  80561
8001  0.000770 93658.640000 93782  93526
9001  0.000883 106990.425000 107148  106832
10001  0.000993 120460.335000 120661  120304
11001  0.001093 134047.845000 134211  133884
12001  0.001192 147688.035000 147845  147551
13001  0.001367 161496.355000 161654  161323
14001  0.001498 175363.970000 175545  175189
15001  0.001605 189312.925000 189478  189138
16001  0.001650 203298.795000 203492  203106
17001  0.001758 217550.395000 217744  217384
18001  0.001867 231969.670000 232173  231704
19001  0.002023 246415.230000 246607  246177
20001  0.002093 260912.285000 261139  260646
21001  0.002213 275466.805000 275695  275266
22001  0.002341 290068.510000 290340  289835
23001  0.002443 304703.660000 304955  304478
24001  0.002540 319370.075000 319612  319150
25001  0.002687 334104.660000 334339  333903
26001  0.002764 348965.265000 349183  348693
27001  0.002861 363836.720000 364128  363601
28001  0.002979 378725.785000 379000  378488
29001  0.003092 393639.130000 393894  393344
30001  0.003222 408615.895000 408871  408397
31001  0.003355 423599.645000 423833  423289
32001  0.003460 438585.810000 438863  438309
33001  0.003564 453684.715000 453926  453478
34001  0.003701 469083.035000 469362  468785
35001  0.003808 484496.425000 484772  484145
36001  0.003937 499920.645000 500166  499596
37001  0.004034 515356.715000 515639  515029
38001  0.004181 530837.570000 531102  530507
39001  0.004308 546317.950000 546662  545975
40001  0.004396 561813.705000 562084  561517
41001  0.004492 577325.645000 577599  576943
42001  0.004654 592920.630000 593242  592514
43001  0.005111 608534.735000 608845  608203
44001  0.005072 624118.510000 624376  623786
45001  0.004969 639746.340000 640105  639349
46001  0.005093 655401.930000 655729  655139
47001  0.005214 671053.160000 671368  670735
48001  0.005321 686704.695000 687074  686404
49001  0.005446 702381.725000 702717  702064
50001  0.005559 718200.520000 718542  717895
51001  0.005662 734042.305000 734397  733641
52001  0.005784 749919.590000 750283  749613
53001  0.005890 765776.795000 766113  765496
54001  0.006019 781664.875000 782138  781293
55001  0.006147 797545.010000 797860  797190
56001  0.006252 813443.700000 813749  813052
57001  0.006356 829337.090000 829669  828843
58001  0.006490 845280.485000 845629  844851
59001  0.006637 861238.960000 861562  860860
60001  0.006770 877233.280000 877603  876837
61001  0.006885 893166.780000 893501  892832
62001  0.007005 909161.865000 909564  908695
63001  0.007135 925179.310000 925547  924908
64001  0.007273 941147.785000 941568  940750
65001  0.007373 957158.675000 957546  956746
66001  0.007501 973328.950000 973648  972985
67001  0.007650 989747.375000 990109  989319
68001  0.007776 1006144.445000 1006575  1005725
69001  0.007890 1022539.785000 1022923  1022070
70001  0.008012 1038969.370000 1039334  1038571
71001  0.008147 1055404.950000 1055843  1054916
72001  0.008256 1071827.955000 1072265  1071395
73001  0.008363 1088266.815000 1088632  1087621
74001  0.008492 1104718.815000 1105179  1104246
75001  0.008719 1121183.825000 1121601  1120836
76001  0.008798 1137655.475000 1138025  1137210
77001  0.008916 1154133.855000 1154629  1153658
78001  0.009008 1170615.720000 1171065  1170090
79001  0.009125 1187111.100000 1187624  1186661
80001  0.009226 1203602.830000 1204082  1203027
81001  0.009334 1220113.730000 1220769  1219628
82001  0.009442 1236595.610000 1237106  1236118
83001  0.009606 1253207.330000 1253708  1252734
84001  0.009742 1269813.205000 1270509  1269418
85001  0.009896 1286400.640000 1286920  1285928
86001  0.010020 1303043.440000 1303502  1302488
87001  0.010160 1319636.570000 1320023  1319226
88001  0.010291 1336238.185000 1336606  1335753
89001  0.010383 1352865.450000 1353393  1352385
90001  0.010440 1369488.405000 1369930  1368966
91001  0.010576 1386140.850000 1386579  1385703
92001  0.010711 1402795.155000 1403314  1402304
93001  0.010854 1419452.655000 1419962  1418955
94001  0.010955 1436073.825000 1436499  1435610
95001  0.011080 1452760.280000 1453251  1452258
96001  0.011188 1469415.880000 1469933  1468903
97001  0.011300 1486080.945000 1486757  1485545
98001  0.011398 1502730.900000 1503160  1502265
99001  0.011565 1519526.895000 1520091  1519099
