1 1014
2 1018
3 1005
4 1014
5 1012
6 994
7 989
8 1025
9 1021
10 1048
11 988
12 1022
13 1025
14 1041
15 987
16 1065
17 958
18 987
19 991
20 955
21 1044
22 1028
23 1025
24 971
25 1033
26 983
27 1002
28 1024
29 1044
30 987
31 968
32 967
33 966
34 979
35 1012
36 1002
37 999
38 969
39 1012
40 916
41 1012
42 1024
43 997
44 1052
45 977
46 1010
47 993
48 970
49 1007
50 1013
51 1044
52 1043
53 988
54 971
55 978
56 938
57 971
58 984
59 946
60 992
61 1035
62 994
63 986
64 1040
65 994
66 1011
67 968
68 927
69 975
70 964
71 956
72 1020
73 967
74 1001
75 1019
76 1000
77 1021
78 982
79 1016
80 1001
81 1031
82 1048
83 1006
84 1013
85 936
86 1028
87 1049
88 1058
89 984
90 1030
91 962
92 1044
93 1001
94 978
95 1013
96 1025
97 929
98 1005
99 982
100 1001
