1 1031
2 1002
3 977
4 986
5 967
6 1010
7 1027
8 936
9 1051
10 994
11 1039
12 1029
13 1018
14 991
15 940
16 1012
17 994
18 1002
19 1036
20 952
21 978
22 1017
23 1024
24 1050
25 995
26 958
27 984
28 993
29 986
30 1021
31 1046
32 1009
33 1001
34 921
35 976
36 949
37 993
38 1045
39 1001
40 939
41 1053
42 1059
43 950
44 996
45 1074
46 1081
47 1039
48 1026
49 913
50 1043
51 1031
52 1011
53 942
54 1027
55 1006
56 1001
57 977
58 934
59 959
60 987
61 1020
62 1003
63 1030
64 986
65 985
66 1017
67 986
68 977
69 1027
70 1030
71 980
72 968
73 992
74 1016
75 1001
76 893
77 1002
78 1026
79 1067
80 1011
81 1020
82 964
83 1007
84 987
85 979
86 1048
87 969
88 1022
89 968
90 1080
91 975
92 981
93 964
94 999
95 1039
96 999
97 1035
98 991
99 1021
100 946
