1 10041
2 9933
3 9958
4 9935
5 10027
6 9978
7 9965
8 9966
9 9997
10 10010
11 10081
12 9836
13 9879
14 9971
15 9904
16 10107
17 9990
18 10247
19 10034
20 10037
21 10134
22 9828
23 10022
24 9864
25 9899
26 9917
27 10055
28 9888
29 9930
30 9941
31 9942
32 10159
33 10023
34 9968
35 9970
36 10000
37 10022
38 9906
39 10217
40 10094
41 10022
42 9984
43 10012
44 10006
45 10003
46 9965
47 10106
48 10051
49 9963
50 9927
51 10019
52 10058
53 10152
54 9992
55 10070
56 10008
57 9925
58 10110
59 9970
60 9921
61 9865
62 10098
63 9937
64 10022
65 10158
66 10070
67 9929
68 9938
69 10096
70 9968
71 10095
72 10023
73 9958
74 9994
75 10044
76 10161
77 9922
78 10058
79 9960
80 9944
81 10004
82 9939
83 9934
84 10095
85 10018
86 9799
87 10028
88 9944
89 10131
90 10076
91 9883
92 10135
93 9800
94 10040
95 9940
96 10143
97 10009
98 10006
99 10009
100 9888
