1 10023
2 9904
3 9902
4 9968
5 9879
6 10064
7 10032
8 9981
9 9974
10 9875
11 9995
12 10212
13 9849
14 9945
15 9993
16 10034
17 9970
18 9903
19 10137
20 10070
21 9927
22 10121
23 9959
24 10110
25 10191
26 9798
27 10049
28 9852
29 9925
30 9951
31 10098
32 9946
33 9982
34 10056
35 10001
36 10076
37 9887
38 9831
39 9981
40 10022
41 9918
42 10068
43 10103
44 9946
45 10089
46 9929
47 9985
48 9872
49 10064
50 9933
51 9912
52 10162
53 10011
54 10128
55 9970
56 10002
57 10051
58 9801
59 10000
60 10234
61 9923
62 10013
63 9968
64 10053
65 10152
66 9844
67 9988
68 9952
69 9956
70 9940
71 10049
72 10001
73 10098
74 9847
75 10074
76 10056
77 9945
78 10128
79 10030
80 9859
81 10055
82 9951
83 10092
84 10158
85 10178
86 9923
87 10073
88 9746
89 10189
90 10038
91 9884
92 10005
93 9899
94 9925
95 10025
96 10013
97 10152
98 9972
99 10027
100 10168
