1  0.000000 0.000000 0  0
1001  0.000104 16910.200000 16975  16799
2001  0.000222 37813.165000 37949  37704
3001  0.000347 60391.205000 60531  60262
4001  0.000480 83605.600000 83729  83427
5001  0.000615 107919.260000 108118  107726
6001  0.000759 132764.320000 132938  132568
7001  0.000897 157886.090000 158091  157671
8001  0.001040 183182.110000 183378  182951
9001  0.001181 209286.930000 209565  209067
10001  0.001333 235811.080000 236027  235596
11001  0.001479 262569.285000 262889  262238
12001  0.001629 289508.825000 289827  289208
13001  0.001787 316568.445000 316880  316313
14001  0.001931 343757.050000 344128  343465
15001  0.002101 371021.215000 371333  370777
16001  0.002243 398356.040000 398674  398029
17001  0.002410 426223.980000 426578  425899
18001  0.002559 454533.515000 454764  454267
19001  0.002718 483014.400000 483384  482641
20001  0.002887 511619.200000 511917  511262
21001  0.003037 540330.975000 540794  539967
22001  0.003200 569126.680000 569496  568715
23001  0.003350 598040.120000 598384  597650
24001  0.003524 627005.410000 627313  626654
25001  0.003685 656031.390000 656438  655576
26001  0.003844 685125.910000 685552  684736
27001  0.004038 714267.840000 714628  713830
28001  0.004183 743475.510000 743915  743057
29001  0.004365 772705.185000 773186  772272
30001  0.004518 802004.940000 802405  801687
31001  0.004675 831302.025000 831712  830954
32001  0.004859 860679.815000 861048  860234
33001  0.005024 890253.985000 890678  889795
34001  0.005201 920448.880000 920854  920054
35001  0.005359 950690.225000 951204  950194
36001  0.005539 981073.480000 981498  980639
37001  0.005693 1011514.235000 1011930  1011136
38001  0.006315 1042000.180000 1042421  1041494
39001  0.006455 1072584.900000 1073267  1072182
40001  0.006576 1103230.400000 1103621  1102755
41001  0.006464 1133892.905000 1134463  1133385
42001  0.006996 1164628.595000 1165120  1164203
43001  0.006784 1195424.970000 1196065  1194920
44001  0.006992 1226232.655000 1226705  1225717
45001  0.007153 1257129.020000 1257603  1256580
46001  0.007300 1288019.975000 1288557  1287597
47001  0.007498 1319007.410000 1319498  1318458
48001  0.008043 1349982.065000 1350490  1349402
49001  0.008363 1380979.745000 1381593  1380403
50001  0.007975 1412004.175000 1412565  1411525
51001  0.008169 1443132.640000 1443801  1442463
52001  0.008351 1474236.220000 1474840  1473623
53001  0.008463 1505357.970000 1505795  1504831
54001  0.008642 1536541.155000 1537098  1535798
55001  0.008824 1567743.050000 1568461  1567245
56001  0.009022 1598911.600000 1599386  1598370
57001  0.009179 1630154.175000 1630862  1629620
58001  0.009377 1661447.755000 1662025  1660804
59001  0.009539 1692730.000000 1693214  1692129
60001  0.009751 1723983.295000 1724632  1723382
61001  0.009907 1755327.675000 1755864  1754726
62001  0.010091 1786646.395000 1787249  1785890
63001  0.010243 1817964.930000 1818853  1817489
64001  0.010683 1849346.420000 1849870  1848721
65001  0.010672 1880715.905000 1881309  1880143
66001  0.010878 1912470.820000 1913043  1911911
67001  0.010998 1944648.435000 1945256  1944005
68001  0.011170 1976857.610000 1977364  1976292
69001  0.011413 2009108.760000 2009711  2008598
70001  0.011743 2041402.995000 2042116  2040690
71001  0.011735 2073737.580000 2074584  2073016
72001  0.011968 2106121.445000 2106896  2105401
73001  0.012098 2138518.535000 2139168  2137729
74001  0.012240 2170996.125000 2171817  2170379
75001  0.012603 2203487.420000 2204178  2202770
76001  0.012682 2236013.450000 2236705  2235390
77001  0.012805 2268549.330000 2269381  2267915
78001  0.013118 2301145.970000 2301673  2300453
79001  0.013201 2333751.595000 2334295  2333109
80001  0.013345 2366413.995000 2366976  2365718
81001  0.013509 2399082.975000 2399728  2398487
82001  0.013719 2431781.830000 2432420  2431138
83001  0.013959 2464523.385000 2465235  2463775
84001  0.014070 2497248.675000 2497889  2496673
85001  0.014320 2529998.125000 2530927  2529214
86001  0.014507 2562846.575000 2563465  2562038
87001  0.014620 2595649.210000 2596391  2595038
88001  0.014817 2628498.275000 2629150  2627821
89001  0.015011 2661372.495000 2662050  2660554
90001  0.015179 2694244.865000 2695070  2693637
91001  0.015374 2727149.085000 2727953  2726535
92001  0.015644 2760061.325000 2760933  2759289
93001  0.015770 2792973.520000 2793843  2792061
94001  0.015998 2825986.125000 2826834  2825332
95001  0.016138 2858956.760000 2859736  2858174
96001  0.016279 2891948.255000 2892560  2891178
97001  0.016530 2924918.335000 2925745  2924149
98001  0.016693 2957980.370000 2958627  2957269
99001  0.016936 2991005.240000 2992099  2990234
