1  0.000000 0.000000 0  0
1001  0.000109 16921.520000 17004  16854
2001  0.000240 37819.430000 37918  37700
3001  0.000352 60399.850000 60546  60244
4001  0.000483 83608.690000 83770  83450
5001  0.000619 107930.880000 108112  107774
6001  0.000769 132774.360000 133026  132576
7001  0.000929 157898.980000 158064  157676
8001  0.001095 183184.990000 183368  183014
9001  0.001237 209289.600000 209512  209110
10001  0.001343 235829.570000 236076  235604
11001  0.001481 262604.820000 262832  262338
12001  0.001635 289525.610000 289752  289294
13001  0.001795 316587.710000 316856  316312
14001  0.001980 343768.480000 344092  343372
15001  0.002131 371014.080000 371270  370760
16001  0.002252 398366.730000 398728  398026
17001  0.002410 426242.870000 426622  425986
18001  0.002569 454546.060000 454842  454144
19001  0.002729 483025.450000 483364  482726
20001  0.002895 511624.390000 511962  511276
21001  0.003050 540350.750000 540726  539958
22001  0.003207 569151.380000 569512  568734
23001  0.003368 598035.240000 598354  597566
24001  0.003680 626998.080000 627378  626588
25001  0.003712 656051.640000 656424  655700
26001  0.003865 685131.550000 685584  684728
27001  0.004022 714276.030000 714614  713806
28001  0.004198 743477.360000 743984  743032
29001  0.004383 772739.300000 773122  772344
30001  0.004558 802009.740000 802450  801492
31001  0.004713 831347.920000 831820  830980
32001  0.004870 860705.680000 861156  860280
33001  0.005064 890277.720000 890692  889826
34001  0.005204 920457.760000 920956  920052
35001  0.005374 950700.830000 951256  950304
36001  0.005569 981081.540000 981782  980498
37001  0.005758 1011520.680000 1011982  1011094
38001  0.005877 1042024.230000 1042438  1041524
39001  0.006050 1072588.180000 1073028  1072166
40001  0.006212 1103226.310000 1103628  1102714
41001  0.006395 1133905.100000 1134396  1133400
42001  0.006563 1164621.630000 1165080  1164054
43001  0.006751 1195460.480000 1196012  1194954
44001  0.006910 1226255.920000 1226778  1225792
45001  0.007073 1257146.480000 1257748  1256632
46001  0.007265 1288070.770000 1288740  1287666
47001  0.007439 1318991.500000 1319548  1318400
48001  0.007606 1349986.290000 1350528  1349442
49001  0.007781 1380994.470000 1381506  1380476
50001  0.007992 1412078.740000 1412684  1411520
51001  0.008200 1443128.140000 1443794  1442524
52001  0.008311 1474240.440000 1474812  1473854
53001  0.008490 1505390.090000 1506090  1504912
54001  0.008660 1536567.550000 1537044  1535922
55001  0.008843 1567762.650000 1568386  1566990
56001  0.009016 1598917.620000 1599414  1598274
57001  0.009214 1630155.910000 1630748  1629576
58001  0.009379 1661423.330000 1662022  1660630
59001  0.009558 1692691.470000 1693282  1692154
60001  0.009737 1723992.070000 1724648  1723432
61001  0.009923 1755310.470000 1755884  1754750
62001  0.010100 1786660.330000 1787440  1785892
63001  0.010282 1817980.030000 1818494  1817150
64001  0.010469 1849381.130000 1850092  1848748
65001  0.010644 1880772.860000 1881450  1880260
66001  0.010827 1912494.380000 1913126  1911886
67001  0.011047 1944654.130000 1945206  1944076
68001  0.011190 1976874.100000 1977474  1976368
69001  0.011372 2009125.060000 2009766  2008618
70001  0.011551 2041413.830000 2042098  2040870
71001  0.011734 2073748.260000 2074434  2073104
72001  0.011914 2106146.070000 2106800  2105522
73001  0.012080 2138554.840000 2139174  2137996
74001  0.012271 2171017.510000 2171656  2170576
75001  0.012463 2203500.810000 2204120  2202948
76001  0.012649 2236019.900000 2236596  2235404
77001  0.012829 2268563.050000 2269162  2267966
78001  0.013001 2301153.460000 2301924  2300508
79001  0.013181 2333776.980000 2334416  2333136
80001  0.013376 2366417.850000 2367066  2365710
81001  0.013546 2399111.790000 2399792  2398470
82001  0.013731 2431774.210000 2432286  2431142
83001  0.013920 2464521.040000 2465242  2463848
84001  0.014099 2497309.000000 2497966  2496714
85001  0.014296 2530029.510000 2530764  2529310
86001  0.014485 2562858.090000 2563634  2561908
87001  0.014658 2595684.950000 2596642  2594942
88001  0.014855 2628501.480000 2629188  2627662
89001  0.015037 2661363.130000 2662092  2660474
90001  0.015231 2694236.860000 2694910  2693330
91001  0.015418 2727130.540000 2728020  2726420
92001  0.015596 2760046.720000 2760798  2759368
93001  0.015789 2793026.000000 2793992  2792374
94001  0.015956 2825993.880000 2826860  2825140
95001  0.016161 2858951.600000 2859812  2857998
96001  0.016340 2891924.670000 2892578  2890984
97001  0.016523 2924915.690000 2925678  2924228
98001  0.016733 2957992.300000 2958770  2957196
99001  0.016936 2991038.240000 2991862  2990154
