1  0.000000 0.000000 0  0
6  0.000000 18.000000 20  14
11  0.000001 48.740000 54  44
16  0.000001 85.640000 92  78
21  0.000002 127.480000 140  116
26  0.000002 173.540000 182  158
31  0.000002 217.320000 226  206
36  0.000004 271.120000 280  260
41  0.000004 322.940000 334  310
46  0.000005 377.800000 390  364
51  0.000005 432.100000 448  414
56  0.000006 490.120000 504  474
61  0.000006 543.560000 560  530
66  0.000006 603.460000 618  586
71  0.000006 665.720000 690  646
76  0.000007 730.100000 746  714
81  0.000008 793.060000 810  772
86  0.000010 856.980000 872  836
91  0.000012 919.860000 942  900
96  0.000010 987.120000 1006  966
