1  0.000002 0.000000 0  0
101  0.000057 5050.000000 5050  5050
201  0.000211 20100.000000 20100  20100
301  0.000452 45150.000000 45150  45150
401  0.000698 80200.000000 80200  80200
501  0.000370 125250.000000 125250  125250
601  0.000498 180300.000000 180300  180300
701  0.000677 245350.000000 245350  245350
801  0.000888 320400.000000 320400  320400
901  0.001190 405450.000000 405450  405450
1001  0.001434 500500.000000 500500  500500
1101  0.001692 605550.000000 605550  605550
1201  0.001996 720600.000000 720600  720600
1301  0.002370 845650.000000 845650  845650
1401  0.002719 980700.000000 980700  980700
1501  0.003093 1125750.000000 1125750  1125750
1601  0.003362 1280800.000000 1280800  1280800
1701  0.003771 1445850.000000 1445850  1445850
1801  0.004163 1620900.000000 1620900  1620900
1901  0.004699 1805950.000000 1805950  1805950
2001  0.004940 2001000.000000 2001000  2001000
2101  0.005484 2206050.000000 2206050  2206050
2201  0.005915 2421100.000000 2421100  2421100
2301  0.006578 2646150.000000 2646150  2646150
2401  0.007260 2881200.000000 2881200  2881200
2501  0.007649 3126250.000000 3126250  3126250
2601  0.008268 3381300.000000 3381300  3381300
2701  0.008862 3646350.000000 3646350  3646350
2801  0.009530 3921400.000000 3921400  3921400
2901  0.010308 4206450.000000 4206450  4206450
3001  0.010900 4501500.000000 4501500  4501500
3101  0.011805 4806550.000000 4806550  4806550
3201  0.013202 5121600.000000 5121600  5121600
3301  0.013329 5446650.000000 5446650  5446650
3401  0.014088 5781700.000000 5781700  5781700
3501  0.014812 6126750.000000 6126750  6126750
3601  0.015667 6481800.000000 6481800  6481800
3701  0.016583 6846850.000000 6846850  6846850
3801  0.017492 7221900.000000 7221900  7221900
3901  0.018486 7606950.000000 7606950  7606950
4001  0.019394 8002000.000000 8002000  8002000
4101  0.020384 8407050.000000 8407050  8407050
4201  0.021465 8822100.000000 8822100  8822100
4301  0.022398 9247150.000000 9247150  9247150
4401  0.023388 9682200.000000 9682200  9682200
4501  0.024448 10127250.000000 10127250  10127250
4601  0.025479 10582300.000000 10582300  10582300
4701  0.026774 11047350.000000 11047350  11047350
4801  0.027977 11522400.000000 11522400  11522400
4901  0.029083 12007450.000000 12007450  12007450
5001  0.030282 12502500.000000 12502500  12502500
5101  0.031465 13007550.000000 13007550  13007550
5201  0.032673 13522600.000000 13522600  13522600
5301  0.034019 14047650.000000 14047650  14047650
5401  0.035410 14582700.000000 14582700  14582700
5501  0.036690 15127750.000000 15127750  15127750
5601  0.037888 15682800.000000 15682800  15682800
5701  0.039246 16247850.000000 16247850  16247850
5801  0.040789 16822900.000000 16822900  16822900
5901  0.042227 17407950.000000 17407950  17407950
6001  0.043775 18003000.000000 18003000  18003000
6101  0.045121 18608050.000000 18608050  18608050
6201  0.046680 19223100.000000 19223100  19223100
6301  0.048460 19848150.000000 19848150  19848150
6401  0.049779 20483200.000000 20483200  20483200
6501  0.052734 21128250.000000 21128250  21128250
6601  0.053526 21783300.000000 21783300  21783300
6701  0.055161 22448350.000000 22448350  22448350
6801  0.056538 23123400.000000 23123400  23123400
6901  0.059223 23808450.000000 23808450  23808450
7001  0.060871 24503500.000000 24503500  24503500
7101  0.062001 25208550.000000 25208550  25208550
7201  0.064466 25923600.000000 25923600  25923600
7301  0.065557 26648650.000000 26648650  26648650
7401  0.067641 27383700.000000 27383700  27383700
7501  0.069601 28128750.000000 28128750  28128750
7601  0.071844 28883800.000000 28883800  28883800
7701  0.073608 29648850.000000 29648850  29648850
7801  0.075932 30423900.000000 30423900  30423900
7901  0.077854 31208950.000000 31208950  31208950
8001  0.080559 32004000.000000 32004000  32004000
8101  0.082536 32809050.000000 32809050  32809050
8201  0.084577 33624100.000000 33624100  33624100
8301  0.087960 34449150.000000 34449150  34449150
8401  0.089852 35284200.000000 35284200  35284200
8501  0.097034 36129250.000000 36129250  36129250
8601  0.094084 36984300.000000 36984300  36984300
8701  0.097514 37849350.000000 37849350  37849350
8801  0.098510 38724400.000000 38724400  38724400
8901  0.102477 39609450.000000 39609450  39609450
9001  0.104539 40504500.000000 40504500  40504500
9101  0.107976 41409550.000000 41409550  41409550
9201  0.112702 42324600.000000 42324600  42324600
9301  0.114239 43249650.000000 43249650  43249650
9401  0.116315 44184700.000000 44184700  44184700
9501  0.119601 45129750.000000 45129750  45129750
9601  0.125973 46084800.000000 46084800  46084800
9701  0.126273 47049850.000000 47049850  47049850
9801  0.128469 48024900.000000 48024900  48024900
9901  0.130184 49009950.000000 49009950  49009950
10001  0.133691 50005000.000000 50005000  50005000
