1 98
2 97
3 114
4 102
5 85
6 86
7 96
8 85
9 95
10 98
11 113
12 104
13 92
14 92
15 99
16 112
17 88
18 109
19 104
20 113
21 78
22 104
23 93
24 119
25 95
26 114
27 96
28 102
29 116
30 87
31 129
32 106
33 111
34 104
35 103
36 96
37 100
38 76
39 96
40 121
41 109
42 98
43 98
44 121
45 92
46 90
47 100
48 102
49 85
50 102
51 96
52 96
53 80
54 101
55 87
56 108
57 77
58 85
59 107
60 88
61 100
62 77
63 114
64 106
65 112
66 106
67 101
68 110
69 103
70 116
71 98
72 89
73 104
74 100
75 96
76 97
77 98
78 108
79 90
80 98
81 108
82 92
83 96
84 110
85 109
86 89
87 102
88 87
89 100
90 97
91 91
92 113
93 106
94 99
95 92
96 114
97 94
98 110
99 128
100 90
