1 88
2 104
3 101
4 103
5 101
6 95
7 99
8 117
9 81
10 104
11 103
12 88
13 116
14 97
15 102
16 105
17 108
18 95
19 84
20 106
21 96
22 92
23 81
24 101
25 98
26 114
27 95
28 92
29 104
30 102
31 92
32 102
33 100
34 90
35 91
36 85
37 101
38 94
39 92
40 101
41 95
42 115
43 102
44 90
45 118
46 88
47 87
48 103
49 102
50 95
51 104
52 105
53 90
54 92
55 86
56 104
57 120
58 96
59 104
60 100
61 96
62 89
63 97
64 114
65 96
66 106
67 113
68 110
69 97
70 89
71 104
72 118
73 111
74 123
75 99
76 101
77 119
78 90
79 92
80 107
81 120
82 93
83 109
84 112
85 112
86 74
87 108
88 91
89 92
90 108
91 83
92 109
93 106
94 102
95 100
96 106
97 109
98 91
99 93
100 95
